66.66666666666667
60.666666666666664
71.66666666666667
54.666666666666664
53.333333333333336
44.666666666666664
62.0
37.0
78.66666666666667
75.33333333333333
43.333333333333336
70.33333333333333
38.666666666666664
69.66666666666667
47.333333333333336
65.33333333333333
72.66666666666667
62.666666666666664
77.0
81.33333333333333
60.0
38.666666666666664
62.0
64.66666666666667
60.333333333333336
60.666666666666664
83.33333333333333
64.33333333333333
41.666666666666664
75.33333333333333
38.0
57.333333333333336
86.0
63.333333333333336
60.0
69.0
52.0
69.33333333333333
47.333333333333336
51.333333333333336
52.0
63.666666666666664
77.33333333333333
77.33333333333333
56.0
57.666666666666664
58.333333333333336
57.333333333333336
62.0
52.666666666666664
77.66666666666667
42.0
87.0
60.333333333333336
66.33333333333333
62.333333333333336
50.666666666666664
46.666666666666664
63.0
64.33333333333333
83.66666666666667
59.0
87.33333333333333
72.33333333333333
43.0
64.33333333333333
52.666666666666664
78.33333333333333
49.333333333333336
56.666666666666664
69.0
41.333333333333336
83.66666666666667
57.333333333333336
68.66666666666667
85.33333333333333
56.333333333333336
76.33333333333333
56.0
91.66666666666667
41.333333333333336
68.66666666666667
76.33333333333333
52.666666666666664
51.0
36.666666666666664
37.0
66.0
43.666666666666664
54.0
42.0
79.0
72.0
79.33333333333333
43.0
90.33333333333333
73.33333333333333
63.0
79.0
66.66666666666667
52.666666666666664
73.33333333333333
69.33333333333333
47.0
41.0
78.66666666666667
72.0
62.333333333333336
51.0
59.666666666666664
48.666666666666664
60.333333333333336
57.666666666666664
58.666666666666664
57.666666666666664
37.666666666666664
57.666666666666664
66.0
87.66666666666667
47.666666666666664
40.666666666666664
67.0
78.66666666666667
84.0
54.333333333333336
53.0
41.333333333333336
90.0
79.0
78.66666666666667
71.33333333333333
53.333333333333336
54.666666666666664
50.666666666666664
66.0
66.33333333333333
65.0
88.0
64.0
74.66666666666667
45.333333333333336
67.33333333333333
86.0
66.33333333333333
48.666666666666664
60.666666666666664
64.0
62.666666666666664
62.0
55.333333333333336
59.0
72.0
68.66666666666667
86.33333333333333
72.33333333333333
56.333333333333336
49.0
59.0
81.0
67.66666666666667
66.0
63.2111801242236 64.19875776397515 60.46583850931677
